0.3304
0.3299
0.4922
0.4916
0.4963
0.5124
0.5104
0.5208
0.5205
0.5245
0.3321
0.3276
0.5031
0.5087
0.5121
0.5087
0.5116
0.5151
0.505
0.5104
0.5146
0.526753
0.3175
0.324
0.4124
0.4157
0.4339
0.4316
0.5202
0.5257
0.3188
0.3212
0.4207
0.4096
0.4182
0.4209
0.438
0.4321
0.4362
0.4332
0.5162
0.5141
0.5174
0.5099
0.4144
0.4119
0.4353
0.423
0.4588
0.4498
0.4117
0.4137
0.442
0.4329
0.454
0.4432
0.4662
0.4631
0.4739
0.4808
0.4852
0.4962
0.4473
0.4347
0.4664
0.4611
0.504
0.5133
0.4442
0.4398
0.4647
0.4588
0.4763
0.4709
0.4939
0.4904
0.5021
0.5078
0.5152
0.5184
0.448
0.4483
0.4618
0.4504
0.4851
0.4899
0.505
0.501
