90.6781311
90.6781311
700.064819
700.064819
799.895081
799.895081
899.811523
899.811523
1000.05408
1000.05408
90.6781311
90.6781311
799.895081
799.895081
899.811523
899.811523
1000.05408
1000.05408
899.811523
899.811523
1000.05408
1000.05408
90.6781311
90.6781311
199.715668
199.715668
299.822083
299.822083
1000.05408
1000.05408
90.6781311
90.6781311
199.715668
199.715668
250.003891
250.003891
299.822083
299.822083
349.925873
349.925873
899.811523
899.811523
1000.05408
1000.05408
199.715668
199.715668
299.822083
299.822083
400.268463
400.268463
199.715668
199.715668
299.822083
299.822083
400.268463
400.268463
500.235443
500.235443
599.890015
599.890015
700.064819
700.064819
400.268463
400.268463
500.235443
500.235443
799.895081
799.895081
400.268463
400.268463
500.235443
500.235443
599.890015
599.890015
700.064819
700.064819
799.895081
799.895081
899.811523
899.811523
400.268463
400.268463
500.235443
500.235443
700.064819
700.064819
799.895081
799.895081
